  0  1 // ///   4346  -7654    101   22  9  1   1 59  OSW20220901_02UTC
///// ///// 
      0    101  996.0  21.0  71   15.5  225    2.1
     10    168  988.4  21.2  63   13.8  223   10.0
     20    234  980.8  21.0  63   13.6  230   12.3
     30    301  973.2  21.2  61   13.5  234   15.6
     40    363  966.4  21.4  60   13.4  238   18.4
     50    421  959.9  20.8  62   13.3  245   19.9
     60    480  953.4  20.5  63   13.2  247   20.0
     70    536  947.2  20.1  63   13.0  250   20.2
     80    592  941.1  19.7  64   12.7  252   20.6
     90    649  934.9  19.3  64   12.4  252   20.4
    100    703  929.1  18.8  66   12.3  254   20.4
    110    756  923.4  18.2  68   12.2  255   20.6
    120    810  917.5  17.9  66   11.4  257   20.3
    130    866  911.5  17.4  67   11.3  260   20.5
    140    924  905.3  16.9  68   11.0  262   20.5
    150    985  898.9  16.6  64    9.7  264   20.6
    160   1047  892.4  16.1  64    9.3  266   20.7
    170   1109  885.9  15.5  66    9.1  268   21.0
    180   1168  879.7  15.0  65    8.6  270   21.5
    190   1227  873.6  14.6  66    8.3  271   21.5
    200   1288  867.4  14.1  67    8.0  272   21.7
    210   1350  861.1  13.4  69    7.9  273   21.7
    220   1407  855.3  13.0  69    7.5  273   21.5
    230   1455  850.3  12.5  71    7.4  273   21.5
    240   1499  845.9  12.1  72    7.3  273   21.1
    250   1543  841.5  11.7  74    7.2  273   21.1
    260   1591  836.7  11.2  75    7.1  274   21.3
    270   1642  831.6  10.8  77    6.8  273   21.1
    280   1694  826.4  10.2  79    6.7  273   21.2
    290   1740  821.8   9.8  80    6.6  273   21.2
    300   1783  817.6   9.4  82    6.5  273   21.2
    310   1827  813.3   9.0  83    6.3  274   21.7
    320   1875  808.6   8.6  86    6.4  274   22.0
    330   1928  803.4   8.1  88    6.2  275   22.2
    340   1982  798.2   7.7  80    4.5  276   22.5
    350   2036  793.0   7.2  85    4.8  276   22.5
    360   2092  787.6   6.8  84    4.2  276   22.5
    370   2150  782.1   6.3  83    3.6  277   22.3
    380   2206  776.8   5.6  87    3.6  277   22.0
    390   2257  771.9   5.3  85    2.9  277   22.3
    400   2309  767.1   4.8  87    2.8  278   22.3
    410   2361  762.2   4.5  76    0.6  278   22.6
    420   2407  757.9   4.6  71   -0.3  278   22.9
    430   2447  754.1   4.3  71   -0.4  278   22.7
    440   2486  750.5   3.9  72   -0.6  278   22.8
    450   2525  747.0   3.6  71   -1.1  278   22.8
    460   2562  743.6   3.4  71   -1.4  277   22.9
    470   2598  740.2   3.2  70   -1.7  277   22.9
    480   2636  736.8   3.0  71   -1.8  277   22.8
    490   2674  733.4   2.7  75   -1.4  278   22.6
    500   2712  730.0   2.5  73   -1.8  277   22.7
    510   2749  726.6   2.3  70   -2.6  278   22.3
    520   2787  723.2   2.1  69   -3.1  277   22.1
    530   2827  719.6   1.8  64   -4.3  276   22.1
    540   2869  715.9   1.8  53   -6.9  277   21.6
    550   2911  712.1   1.7  49   -7.9  276   21.2
    560   2954  708.4   1.5  47   -8.7  276   20.8
    570   2998  704.5   1.3  45   -9.4  275   20.5
    580   3043  700.6   0.9  46   -9.4  274   20.0
    590   3089  696.6   0.5  47   -9.4  274   19.9
    600   3123  693.7   0.1  47   -9.9  275   20.1
    610   3172  689.4  -0.4  47  -10.3  275   20.3
    620   3222  685.1  -0.8  44  -11.4  275   20.5
    630   3272  680.8  -0.7  33  -15.2  275   20.6
    640   3319  676.8  -1.0  33  -15.1  274   20.7
    650   3368  672.7  -1.4  34  -15.2  273   20.7
    660   3425  667.9  -1.7  33  -15.8  272   20.4
    670   3485  662.8  -2.2  34  -15.8  272   20.5
    680   3549  657.5  -2.8  37  -15.5  272   20.5
    690   3603  653.0  -3.2  43  -14.0  274   20.7
    700   3657  648.6  -2.7  30  -18.0  276   21.7
    710   3720  643.5  -3.3  74   -7.3  278   22.6
    720   3780  638.6  -4.0  68   -9.0  281   23.0
    730   3841  633.7  -3.8  94   -4.7  284   23.7
    740   3896  629.3  -4.0  91   -5.2  289   24.3
    750   3956  624.5  -3.9  94   -4.6  293   24.9
    760   4019  619.6  -3.6  93   -4.6  295   26.0
    770   4078  615.0  -3.7  94   -4.6  295   26.0
    780   4139  610.2  -3.9  93   -4.9  295   25.9
    790   4195  605.9  -4.3  91   -5.6  294   25.6
    800   4256  601.2  -4.7  89   -6.3  292   24.9
    810   4308  597.3  -5.0  84   -7.4  291   24.6
    820   4358  593.5  -5.4  71   -9.8  292   24.6
    830   4417  589.0  -5.2  87   -6.9  293   24.5
    840   4480  584.3  -5.5  87   -7.4  295   24.8
    850   4535  580.3  -5.6  81   -8.3  297   24.8
    860   4573  577.4  -5.7  79   -8.7  297   24.4
    870   4615  574.4  -5.8  79   -8.8  297   24.0
    880   4655  571.5  -5.6  76   -9.3  297   23.7
    890   4694  568.7  -5.7  74   -9.6  297   23.8
    900   4735  565.7  -5.9  73  -10.0  297   23.9
    910   4792  561.5  -5.8  65  -11.3  297   24.1
    920   4856  557.0  -6.2  67  -11.3  295   24.4
    930   4917  552.7  -6.5  53  -14.6  294   24.4
    940   4983  548.0  -6.8  32  -20.7  292   24.7
    950   5050  543.3  -7.3  35  -20.1  289   25.4
    960   5126  538.0  -7.7  21  -26.4  288   25.9
    970   5191  533.6  -8.3  25  -25.1  286   26.7
    980   5235  530.6  -8.4  15  -30.5  284   27.3
    990   5277  527.7  -8.7  16  -30.1  284   27.2
   1000   5321  524.7  -9.0  17  -29.4  284   27.0
   1010   5361  522.0  -9.3  18  -29.5  283   26.8
   1020   5401  519.3  -9.6  18  -29.6  283   26.5
   1030   5444  516.4  -9.9  19  -29.5  282   26.3
   1040   5488  513.5 -10.3  19  -29.8  281   26.2
   1050   5532  510.5 -10.7  19  -30.0  281   26.1
   1060   5580  507.4 -11.1  19  -30.1  280   26.2
   1070   5628  504.2 -11.6  20  -30.0  279   26.4
   1080   5671  501.3 -12.0  21  -30.1  279   26.5
   1090   5717  498.3 -12.5  22  -29.7  278   26.5
   1100   5765  495.2 -12.9  23  -29.8  277   26.4
   1110   5813  492.1 -13.3  24  -29.8  277   26.3
   1120   5860  489.0 -13.6  21  -31.2  277   26.1
   1130   5907  486.0 -13.9  20  -31.9  277   25.9
   1140   5953  483.1 -14.3  22  -31.5  278   25.8
   1150   6000  480.2 -14.7  24  -30.9  279   25.9
   1160   6045  477.3 -15.0  24  -31.0  280   26.2
   1170   6093  474.2 -15.4  26  -30.5  281   26.6
   1180   6145  471.0 -15.8  26  -30.9  281   27.1
   1190   6191  468.1 -16.2  27  -31.1  282   27.7
   1200   6241  465.0 -16.6  27  -31.3  283   28.1
   1210   6290  462.0 -17.0  25  -32.6  284   28.5
   1220   6337  459.1 -17.3  21  -34.5  284   28.7
   1230   6384  456.3 -17.7  20  -35.2  284   28.8
   1240   6429  453.5 -18.1  21  -35.1  285   28.9
   1250   6476  450.7 -18.4  21  -35.6  285   29.3
   1260   6520  448.0 -18.8  20  -36.2  286   29.7
   1270   6566  445.3 -19.1  20  -36.5  286   30.0
   1280   6617  442.2 -19.3  20  -36.7  285   30.3
   1290   6668  439.2 -19.7  21  -36.6  285   30.7
   1300   6737  435.1 -20.2  31  -32.9  285   31.5
   1310   6804  431.2 -20.6  41  -30.4  285   32.0
   1320   6861  427.9 -20.9  42  -30.5  285   32.5
   1330   6913  424.9 -21.1  33  -33.2  285   32.4
   1340   6974  421.4 -21.5  31  -34.3  285   31.7
   1350   7031  418.1 -22.1  32  -34.4  285   31.4
   1360   7096  414.5 -22.8  33  -34.5  285   31.2
   1370   7155  411.1 -23.3  36  -34.4  285   31.4
   1380   7226  407.1 -23.9  38  -34.2  287   32.0
   1390   7283  404.0 -24.4  41  -33.9  289   32.7
   1400   7337  401.0 -24.8  63  -29.8  290   33.3
   1410   7397  397.7 -25.2  52  -32.2  292   33.8
   1420   7453  394.6 -25.5  34  -36.7  293   34.1
   1430   7508  391.7 -25.9  26  -40.0  294   34.3
   1440   7561  388.8 -26.4  27  -40.0  294   34.3
   1450   7613  386.0 -26.9  29  -39.7  294   34.1
   1460   7662  383.4 -27.3  29  -40.0  294   34.1
   1470   7714  380.6 -27.8  34  -38.8  295   34.4
   1480   7762  378.1 -28.1  28  -40.8  296   34.8
   1490   7812  375.4 -28.5  30  -40.9  295   35.4
   1500   7859  373.0 -29.0  31  -41.0  296   35.9
   1510   7901  370.8 -29.4  32  -40.9  296   36.4
   1520   7955  368.0 -29.8  33  -41.0  296   37.1
   1530   8014  365.0 -30.4  34  -41.2  296   38.5
   1540   8072  362.0 -30.9  37  -41.0  296   39.7
   1550   8141  358.5 -31.1  48  -38.5  296   41.1
   1560   8211  354.9 -31.4  55  -37.4  295   41.7
   1570   8284  351.3 -32.0  58  -37.5  294   41.7
   1580   8359  347.6 -32.8  58  -38.2  293   43.0
   1590   8419  344.7 -33.2  56  -39.1  293   43.3
   1600   8475  341.9 -33.6  54  -39.7  291   44.6
   1610   8537  338.9 -34.0  53  -40.3  291   45.6
   1620   8600  335.9 -34.4  50  -41.2  289   45.8
   1630   8660  333.0 -34.8  48  -42.0  288   47.4
   1640   8726  329.9 -35.3  48  -42.4  287   48.6
   1650   8772  327.7 -35.6  46  -43.0  287   50.0
   1660   8814  325.7 -35.5  38  -44.7  287   50.9
   1670   8860  323.6 -35.6  31  -46.7  286   51.1
   1680   8903  321.6 -36.0  30  -47.5  286   51.3
   1690   8944  319.6 -36.3  31  -47.3  286   51.6
   1700   8983  317.9 -36.6  34  -46.8  285   52.0
   1710   9022  316.1 -37.0  35  -46.8  285   52.2
   1720   9060  314.3 -37.3  35  -47.2  285   52.3
   1730   9100  312.6 -37.6  35  -47.7  285   52.4
   1740   9138  310.8 -38.0  35  -48.0  284   52.7
   1750   9177  309.0 -38.4  36  -48.0  284   53.5
   1760   9220  307.1 -38.7  37  -47.9  284   53.4
   1770   9269  304.9 -39.2  39  -48.1  283   53.9
   1780   9331  302.2 -39.7  40  -48.3  283   54.0
   1790   9383  299.9 -40.3  42  -48.5  282   54.0
   1800   9425  298.0 -40.8  44  -48.4  281   54.0
   1810   9481  295.6 -41.3  46  -48.5  281   53.5
   1820   9543  292.9 -41.8  47  -48.7  281   53.6
   1830   9584  291.1 -42.1  47  -49.0  280   53.5
   1840   9634  289.0 -42.6  47  -49.6  279   53.6
   1850   9690  286.6 -43.0  46  -50.0  277   54.0
   1860   9761  283.6 -43.2  42  -51.0  276   53.8
   1870   9838  280.4 -43.9  39  -52.3  274   53.1
   1880   9916  277.1 -44.5  35  -53.9  273   53.1
   1890   9970  274.9 -44.2  31  -54.5  272   52.9
   1900  10015  273.1 -43.3  27  -54.9  271   52.8
   1910  10062  271.2 -43.5  24  -56.1  272   53.3
   1920  10108  269.3 -43.7  22  -56.9  272   53.7
   1930  10154  267.5 -43.9  20  -57.7  273   54.2
   1940  10198  265.7 -44.2  20  -58.4  273   54.5
   1950  10243  264.0 -44.5  19  -58.8  274   54.7
   1960  10288  262.2 -44.8  20  -58.9  274   54.9
   1970  10332  260.5 -45.2  20  -59.1  275   54.8
   1980  10375  258.8 -45.5  20  -59.3  275   54.6
   1990  10417  257.2 -45.8  21  -59.3  275   54.4
   2000  10456  255.6 -46.1  21  -59.4  276   53.7
   2010  10496  254.1 -46.3  20  -59.9  277   52.8
   2020  10536  252.6 -46.2  20  -59.9  278   52.4
   2030  10577  251.0 -45.8  19  -60.1  280   51.9
   2040  10615  249.6 -45.8  18  -60.5  281   51.9
   2050  10652  248.2 -46.0  16  -61.4  282   52.2
   2060  10688  246.9 -46.3  16  -61.9  282   52.3
   2070  10723  245.6 -46.6  16  -62.0  283   52.4
   2080  10757  244.3 -46.8  16  -62.1  283   52.7
   2090  10791  243.1 -47.1  17  -61.9  284   52.8
   2100  10822  241.9 -47.3  16  -62.6  285   52.9
   2110  10852  240.9 -47.6  17  -62.3  285   53.0
   2120  10883  239.7 -47.8  17  -62.4  286   53.0
   2130  10914  238.6 -48.0  17  -62.6  286   53.0
   2140  10943  237.6 -48.3  18  -62.7  287   53.0
   2150  10972  236.5 -48.5  18  -62.8  288   52.8
   2160  11003  235.4 -48.6  17  -63.2  290   52.1
   2170  11036  234.2 -48.4  16  -63.3  291   50.0
   2180  11089  232.3 -47.6  16  -63.1  292   47.7
   2190  11129  230.9 -47.7  14  -63.9  293   45.5
   2200  11189  228.8 -47.9  14  -64.4  293   43.2
   2210  11247  226.8 -48.2  13  -65.2  293   41.4
   2220  11298  225.1 -48.4  12  -65.5  292   39.8
   2230  11333  223.9 -48.2  12  -65.6  292   38.6
   2240  11369  222.7 -48.2  12  -65.8  291   38.0
   2250  11412  221.2 -48.5  11  -66.3  288   37.7
   2260  11463  219.5 -48.7  11  -66.5  285   37.3
   2270  11532  217.2 -48.8  10  -67.2  283   36.2
   2280  11600  215.0 -49.1  10  -67.5  278   35.4
   2290  11663  212.9 -49.1  10  -68.0  275   35.1
   2300  11705  211.6 -49.4   9  -68.6  272   34.9
   2310  11753  210.0 -49.7  10  -68.5  269   35.5
   2320  11799  208.5 -50.0  10  -68.6  268   35.9
   2330  11848  207.0 -50.2   9  -69.3  267   36.4
   2340  11898  205.4 -50.6   9  -69.6  265   36.9
   2350  11957  203.5 -51.0   9  -69.7  264   37.8
   2360  12012  201.8 -51.5  10  -69.5  262   38.6
   2370  12056  200.5 -51.7  11  -69.4  261   39.2
   2380  12103  199.0 -52.0  10  -69.9  259   39.9
   2390  12146  197.7 -52.0  10  -70.0  257   40.4
   2400  12193  196.3 -52.1  10  -70.1  255   41.0
   2410  12239  194.9 -52.1   9  -70.8  253   42.0
   2420  12285  193.5 -51.9   9  -70.8  252   43.2
   2430  12330  192.1 -51.4   9  -70.5  252   44.1
   2440  12378  190.7 -51.2   7  -71.6  253   44.5
   2450  12426  189.3 -51.1   7  -72.4  255   44.8
   2460  12475  187.9 -51.1   6  -72.6  256   44.4
   2470  12529  186.3 -51.5   6  -73.2  257   44.1
   2480  12577  185.0 -52.0   6  -73.3  259   43.4
   2490  12626  183.6 -52.4   6  -74.1  261   42.8
   2500  12696  181.6 -52.8   6  -74.0  263   42.3
   2510  12753  180.0 -53.3   7  -74.1  266   41.2
   2520  12813  178.3 -53.8   6  -74.8  269   40.4
   2530  12880  176.5 -53.9   7  -74.6  271   39.2
   2540  12931  175.1 -53.8   7  -74.5  274   38.0
   2550  12982  173.7 -53.7   7  -74.0  277   36.9
   2560  13031  172.4 -53.8   6  -75.0  278   35.5
   2570  13078  171.1 -53.8   7  -74.3  279   33.7
   2580  13122  170.0 -53.9   6  -74.7  279   32.0
   2590  13163  168.9 -53.3   6  -74.3  279   31.0
   2600  13204  167.8 -52.9   6  -74.9  277   30.1
   2610  13247  166.7 -52.5   5  -74.8  275   29.7
   2620  13285  165.7 -52.3   5  -74.7  272   29.1
   2630  13326  164.7 -52.5   6  -74.6  268   28.2
   2640  13368  163.6 -52.3   5  -75.3  265   27.5
   2650  13407  162.6 -51.9   5  -74.3  262   27.2
   2660  13448  161.6 -51.7   5  -75.0  259   27.4
   2670  13488  160.6 -51.7   5  -74.4  258   28.0
   2680  13530  159.6 -51.9   4  -75.6  258   28.4
   2690  13572  158.5 -52.1   4  -75.8  257   29.0
   2700  13605  157.7 -52.1   5  -74.6  256   29.8
   2710  13646  156.7 -51.9   5  -75.4  257   30.8
   2720  13692  155.6 -51.6   4  -75.4  257   31.8
   2730  13736  154.5 -51.4   5  -74.6  259   32.5
   2740  13781  153.5 -51.2   4  -75.3  262   32.4
   2750  13824  152.5 -51.3   4  -75.8  264   31.9
   2760  13867  151.5 -51.1   5  -74.9  267   31.4
   2770  13911  150.4 -51.0   4  -75.1  270   30.6
   2780  13957  149.4 -51.0   4  -75.3  272   29.3
   2790  14005  148.3 -51.0   4  -75.3  274   28.0
   2800  14056  147.1 -50.8   5  -74.3  276   26.7
   2810  14105  146.0 -51.1   4  -75.0  277   25.4
   2820  14154  144.9 -51.4   4  -75.2  278   24.4
   2830  14201  143.9 -51.7   4  -76.2  277   23.4
   2840  14248  142.8 -52.0   4  -76.6  275   22.3
   2850  14294  141.8 -52.1   4  -76.6  272   21.5
   2860  14340  140.8 -52.4   4  -77.1  269   21.0
   2870  14386  139.8 -52.5   4  -76.2  265   20.9
   2880  14432  138.8 -52.7   4  -76.3  263   21.0
   2890  14479  137.8 -52.9   4  -76.9  261   21.4
   2900  14525  136.8 -53.0   4  -76.5  259   22.0
   2910  14572  135.9 -52.9   4  -77.2  260   22.7
   2920  14621  134.8 -52.1   4  -76.2  263   22.6
   2930  14668  133.8 -51.7   4  -76.8  267   22.2
   2940  14714  132.9 -51.6   4  -76.2  270   21.8
   2950  14760  132.0 -51.6   4  -75.8  273   21.2
   2960  14806  131.0 -51.5   4  -76.0  273   21.2
   2970  14852  130.1 -51.4   4  -76.0  273   21.2
   2980  14898  129.2 -51.4   4  -75.7  273   20.7
   2990  14944  128.3 -51.3   4  -75.7  275   19.5
   3000  14991  127.4 -51.3   4  -75.6  277   18.2
   3010  15037  126.5 -51.6   4  -75.7  278   16.6
   3020  15083  125.6 -51.8   4  -76.1  278   15.5
   3030  15131  124.6 -51.9   4  -76.4  277   15.2
   3040  15179  123.7 -52.0   4  -76.5  275   14.9
   3050  15226  122.8 -52.1   4  -77.0  275   14.9
   3060  15273  121.9 -52.1   4  -77.0  275   14.9
   3070  15320  121.0 -52.2   4  -76.7  274   13.9
   3080  15367  120.2 -52.3   4  -76.3  273   12.8
   3090  15410  119.4 -52.5   4  -76.9  270   11.4
   3100  15456  118.5 -52.9   4  -76.8  266   10.0
   3110  15500  117.7 -53.2   4  -76.9  263    9.7
   3120  15546  116.9 -53.4   4  -77.2  259    9.2
   3130  15591  116.1 -53.9   4  -77.6  256    9.0
   3140  15636  115.2 -54.3   4  -78.7  251    9.0
   3150  15683  114.4 -54.7   4  -77.8  244    9.1
   3160  15729  113.6 -55.0   4  -78.6  238    9.4
   3170  15772  112.8 -55.0   4  -78.7  234    9.9
   3180  15817  112.0 -55.2   4  -79.0  231   10.6
   3190  15864  111.2 -55.6   5  -78.4  232   11.3
   3200  15907  110.5 -55.8   4  -79.2  234   12.1
   3210  15953  109.7 -56.0   5  -78.5  238   13.0
   3220  15999  108.9 -56.3   4  -79.6  243   14.0
   3230  16045  108.1 -56.3   4  -79.8  246   14.9
   3240  16091  107.3 -56.2   4  -79.8  249   16.0
   3250  16137  106.5 -56.3   4  -80.0  250   17.0
   3260  16185  105.7 -56.4   4  -80.3  251   17.6
   3270  16233  104.9 -56.5   5  -79.0  253   18.1
   3280  16281  104.1 -56.3   5  -78.9  255   18.4
   3290  16329  103.4 -56.5   5  -79.1  258   18.4
   3300  16378  102.6 -56.5   4  -80.1  262   18.2
   3310  16429  101.7 -56.5   4  -79.2  266   17.9
   3320  16475  101.0 -56.6   4  -80.4  270   17.2
   3330  16522  100.3 -56.8   4  -80.6  272   16.2
   3340  16569   99.5 -56.6   4  -80.6  275   15.0
   3350  16615   98.8 -56.3   5  -79.0  278   13.3
   3360  16662   98.1 -56.1   4  -80.2  281   11.9
   3370  16711   97.3 -56.3   4  -79.4  283   10.8
   3380  16759   96.6 -56.5   4  -79.2  283    9.7
   3390  16805   95.9 -56.8   4  -79.5  280    8.8
   3400  16850   95.2 -57.0   4  -79.7  275    8.1
   3410  16895   94.5 -57.2   4  -80.9  270    8.0
   3420  16941   93.8 -57.5   4  -81.3  268    8.5
   3430  16988   93.1 -57.4   4  -79.9  269    8.8
   3440  17035   92.5 -57.1   4  -81.1  266    8.9
   3450  17080   91.8 -57.1   4  -81.1  263    8.9
   3460  17127   91.1 -57.0   4  -81.2  257    8.5
   3470  17172   90.5 -57.1   4  -79.9  248    8.7
   3480  17221   89.8 -57.4   4  -80.1  243    9.4
   3490  17269   89.1 -57.8   4  -81.5  239   10.1
   3500  17316   88.4 -58.0   4  -81.7  238   10.7
   3510  17362   87.8 -57.6   4  -81.5  240   11.4
   3520  17410   87.1 -57.0   4  -81.2  242   11.6
   3530  17457   86.5 -57.1   3  -81.3  245   12.0
   3540  17506   85.8 -57.3   4  -80.2  247   12.4
   3550  17555   85.2 -57.6   4  -80.4  251   12.4
   3560  17605   84.5 -57.8   4  -80.5  254   12.3
   3570  17655   83.8 -57.6   4  -80.4  258   12.2
   3580  17704   83.2 -57.0   4  -80.0  263   11.6
   3590  17754   82.5 -56.9   4  -81.0  265   10.7
   3600  17804   81.9 -56.6   3  -80.9  267    9.1
   3610  17854   81.2 -56.3   3  -80.7  268    6.9
   3620  17905   80.6 -55.9   4  -79.5  260    4.2
   3630  17961   79.9 -55.8   4  -79.4  238    2.2
   3640  18017   79.2 -55.9   4  -79.1  235    2.4
EOF 
